91.390564
92.603592
90.214645
90.077652
75.578461
78.775131
76.377625
71.656013
87.052223
83.570137
67.438362
66.188232
67.472610
66.958862
65.303444
66.730530
88.250977
85.425354
74.408249
71.967934
74.237000
73.055374
88.836082
89.606712
90.990990
86.041031
49.936584
48.772083
47.322163
49.515797
75.585594
49.687046
49.120289
77.719086
80.145126
91.875771
94.986824
90.591400
93.045990
92.004211
83.677170
64.247398
50.176334
83.507866
82.999298
85.282639
81.480881
83.170555
75.307312
80.252167
62.574852
65.075111
90.454399
89.178589
64.304482
83.154243
72.438873
83.698578
83.912643
89.934937
92.303902
93.445564
92.389526
87.337646
88.193893
89.777962
87.141930
72.501144
70.783447
72.495949
70.692116
61.273354
60.772446
92.004219
86.241646
63.729572
83.888176
85.299767
82.071701
72.610115
83.178711
83.356079
92.577904
91.379150
90.175499
68.271782
65.075104
82.485558
80.932884
77.176796
76.848564
93.730988
92.047028
88.981644
71.297203
69.128029
70.060394
87.637329
81.275383
81.458054
81.301071
80.487633
91.219322
79.313347
72.410332
78.318466
67.662888
70.349617
69.784492
81.458054
93.117340
87.423264
72.952621
60.485603
83.513054
68.885429
63.773609
80.573257
80.384880
77.918877
80.715965
77.610626
69.656052
79.588570
88.927818
88.479309
90.562859
63.974213
63.305523
61.593018
55.613529
54.252087
53.815403
55.428009
54.286339
53.315922
52.117168
55.784779
89.321289
67.001678
65.631668
87.252022
85.197014
92.874733
87.466080
83.178711
73.523460
91.824402
67.986366
69.413445
65.331985
65.075111
64.013351
68.414490
94.701408
90.077652
91.675987
92.303902
74.444946
83.398888
89.001221
67.758026
69.128029
65.331985
50.176331
79.602837
84.768890
83.013580
85.701256
83.184830
87.123581
86.367226
87.080772
88.079735
86.070389
90.488647
86.919037
88.850349
85.943176
64.527107
61.889854
85.967644
60.584549
75.578461
75.411293
83.961563
69.927200
81.129822
84.426392
81.814819
77.258347
70.486618
58.934563
65.075111
81.229713
82.257217
83.570137
89.264214
92.189735
85.453896
65.794357
62.963024
80.088043
78.832214
77.861794
74.921997
76.548874
80.259300
78.546791
82.735291
74.630875
74.921997
71.368561
72.781372
72.053558
71.582619
83.655762
83.170555
84.512016
60.818317
84.683266
82.080261
72.909813
79.288879
77.348045
76.434715
81.001381
79.945343
81.743469
84.768890
71.011787
66.273857
68.799805
65.491005
81.058464
75.578461
91.048065
73.466370
77.652489
81.900444
85.111389
83.513054
57.968220
75.307312
80.110886
80.864388
77.690544
82.314301
84.198059
80.202217
